00000000000000000000000000000000000000000000000000000000000000000000000000000000
00000000000000000000000000000000000000000000000000000000000000000000000000000000
00000000000000000000000000000000000000000000000000000000000000000000000000000000
00000000000000000000000000000000000000000000000000000000000000000000000000000000
10000000000000000000000000000000000000001000000010000000001000000100000010000000
01000000000000000000000000000000000000000010000001000000010100001100000011000000
01000000000000000000000001000000000000001010000010000000101000000100000001000000
10000000000000000000000011000000100000000010000010000000110000001000000001000000
10000000000000000000000001000000100000000100000010000000000000000000000010000000
10000000000000000000000001000000100000000000000010000000000000000000000010000000
10000000000000000000000001000000000000000000000010000000000000000000000000000000
10000000000000000000000001000000000000000000000010000000000000000000000000000000
00000000000000000000000010000000000000000000000010000000000000000000000000000000
00000000000000000000000010000000000000000000000010000000000000000000000010000000
00000000000000000100000000000000000000000000000010000000000000000000000010000000
10000000000000000100000000000000000000000000000010000000000000000000000010000000
00000000000000001000000000000000000000000000000010000000000000001000000000000000
00000000000000001000000000000000000000000000000010000000000000001000000000000000
00000000000000001000000000000000000000000000000010000000000000000000000000000000
00000000000000001000000000000000000000000000000010000000000000000000000000000000
00000000000000001000000000000000100000000000000000000000000000000000000000000000
00000000000000001000000000000000100000000000000000000000000000000000000000000000
00000000000000001000000000000000000000000000000000000000000000000000000000000000
00000000000000001000000000000000000000000000000000000000000000001000000000000000
00000000000000000000000000000000000000000000000000000000000000001000000000000000
00000000000000000000000000000000000000000000000000000000000000001000000000000000
00000000000000000000000000000000100000000000000000000000000000001000000000000000
00000000000000000000000000000000000000001000000000000000000000001000000000000000
00000000000000000000000000000000000000001100000000000000000000001000000000000000
00000000000000001000000000000000000000000010000000000000000000001000000010000000
00000000000000000000000000000000000000001100000000000000000000000100000010000000
00000000000000000000000000000000000000000100000000000000000000000100000011000000
00000000000000000000000001000000000000001000000010000000000000001000000001100000
00000000000000001000000000100000100000001000000011000000000000000000000011000000
00000000000000001000000001000000101000001000000001000000000000000000000001000000
00000000000000001000000010000000111000000000000001000000000000000000000000000000
00000000000000001000000000000000001000000000000010000000000000001000000000000000
00000000000000001000000000000000010000000000000010000000000000000100000000000000
00000000000000001000000000000000000000000000000000000000000000000100000000000000
00000000000000000000000000000000000000000000000000000000000000000100000000000000
00000000000000000000000000000000000000000000000000000000000000001000000000000000
00000000000000000000000000000000000000000000000010000000000000001000000000000000
00000000000000001000000000000000000000000000000010000000000000001000000000000000
00000000000000000000000000000000000000000000000010000000000000001000000000000000
00000000000000000000000000000000000000000000000000000000000000000000000000000000
00000000000000000000000000000000000000000000000000000000000000000000000000000000
10000000100000000010000000000000000000000000000000000000000000000000000000000000
10000000010000001001000000000000000000000000000000000000000000000000000000000000
00000000100000000010000000000000000000000000000000000000000000000000000000000000
10000000000000001100000010000000000000000000000000000000000000000000000000000000
10000000000000000000000010000000000000001000000010000000000000000000000000000000
10000000000000000000000010000000000000001000000010000000000000000000000000000000
10000000000000000000000001000000000000001000000010000000000000000000000000000000
10000000000000000000000001000000000000001000000010000000000000000000000000000000
10000000000000000000000001000000000000000100000010000000000000000000000000000000
10000000000000000000000011000000000000000100000010000000000000001000000000000000
11000000000000000000000000100000000000000100000010000000000000001000000000000000
10100000000000000000000000100000000000000100000001000000000000001000000000000000
01000000000000000000000001000000100000000010000000100000100000000100000000000000
10000000000000000000000010000000010000001010000010100000010000000100000000000000
00000000000000000000000000000000100000000100000001000000100000000100000000000000
00000000000000000000000000000000100000001000000010000000100000001000000000000000
00000000000000000000000000000000000000000000000000000000000000000000000000000000
00000000000000000000000000000000000000000000000000000000000000000000000000000000
00000000000000000000000000000000000000000000000000000000000000000000000000000000
00000000000000000000000000000000000000000000000000000000000000000000000000000000
00000000000000000000000000000000000000000000000000000000000000000000000000000000
00000000000000000000000000000000000000000000000000000000000000000000000000000000
00000000000000000000000000000000000000000000000000000000000000000000000000000000
00000000000000000000000000000000000000000000000000000000000000000000000000000000
00000000000000000000000000000000000000000000000000000000000000000000000000000000
00000000000000000000000000000000000000000000000000000000000000000000000000000000
00000000000000000000000000000000000000000000000000000000000000000000000000000000
00000000000000000000000000000000000000000000000000000000000000000000000000000000
00000000000000000000000010000000000000001000000000000000000000000000000000000000
00000000000000000000000010000000000000000000000000000000000000000000000000000000
00000000000000000000000010000000000000000000000010000000000000000000000000000000
00000000000000000000000010000000000000000000000001000000000000000000000000000000
10000000000000000000000010000000000000001000000001000000000000000000000000000000
01000000000000000000000000000000000000001100000001000000000000000100000010000000
11000000000000000000000000000000000000000100000001000000000000001100000010000000
11000000000000000000000000000000000000001000000001000000000000001100000010000000
01000000000000000000000010000000100000000000000001000000000000000100000010000000
01000000000000000000000010000000100000000000000001000000000000000100000010000000
10000000000000000000000000000000100000000000000001000000000000000100000010000000
10000000000000000000000000000000100000000000000010000000000000000100000010000000
10000000000000000000000000000000100000000000000010000000000000001000000010000000
10000000000000001000000000000000100000000000000010000000000000001000000000000000
10000000000000001000000000000000100000000000000010000000100000001000000000000000
10000000000000001000000000000000100000000000000010000000100000000000000000000000
00000000000000001000000000000000100000000000000010000000100000000000000000000000
00000000000000001000000000000000100000000000000000000000010000000000000000000000
00000000000000001000000000000000100000000000000000000000100000000000000000000000
00000000000000001000000000000000000000000000000000000000100000000000000000000000
00000000000000001000000000000000000000000000000000000000100000000000000000000000
00000000011000001000000000000000000000000000000000000000100000000000000000000000
00000000001100001000000000000000000000000000000000000000100000000000000000000000
00000000011000001000000000000000000000000000000000000000100000000000000000000000
00000000001000001000000000000000000000000000000010000000100000000000000000000000
00000000000000001000000000000000100000000000000010000000100000000000000000000000
00000000000000001000000000000000110000000000000010000000100000000000000000000000
00000000000000001000000010000000001000000000000010000000100000000000000000000000
00000000000000001000000010000000110000000000000010000000100000001000000000000000
00000000000000001000000010000000001000001000000000000000100000001000000000000000
00000000000000001100000010000000101000000000000010000000100000001000000010000000
00000000000000000010000010000000110000000000000010000000100000001000000000100000
00000000000000000100000010000000100000000000000010000000100000001000000010100000
00000000000000001000000011000000000000000000000001000000100000001000000000100000
10000000000000000000000010100000000000000000000001000000100000001000000011000000
10000000000000000000000011000000000000001000000000100000010000001000000011000000
10000000000000000000000001000000000000001000000010100000100000000100000010100000
01000000000000000000000011000000000000000000000001000000010000000010000010100000
01000000000000000000000000100000000000001000000010000000010000001010000011000000
01000000000000001000000001000000000000001000000000000000100000001100000010000000
00100000000000001000000010000000100000001000000000000000100000001100000000000000
11100000000000001000000000000000010000001000000000000000100000001100000000000000
11000000000000000000000000000000100000000100000000000000010000001000000000000000
01000000000000000000000000000000000000000010000000000000100000001000000000000000
00000000000000000000000000000000000000001100000000000000000000000000000000000000
00000000000000000000000000000000000000001000000000000000000000000000000000000000
00000000000000000000000000000000000000000000000000000000000000000000000000000000
00000000000000000000000000000000000000000000000000000000000000000000000000000000
00000000000000000000000000000000000000000000000000000000000000000000000000000000
00000000000000000000000000000000000000000000000000000000000000000000000000000000
00000000000000000000000000000000000000000000000000000000000000000000000000000000
00000000000000000000000000000000000000000000000000000000000000000000000000000000
00000000000000000000000000000000000000000000000000000000000000000000000000000000
00000000000000000000000000000000000000000000000000000000000000000000000000000000
00000000000000000000000000000000000000000000000000000000000000000000000000000000
00000000000000000000000000000000000000000000000000000000000000000000000000000000
00000000000000000000000000000000000000000000000000000000000000000000000000000000
00000000000000000000000000000000000000000000000000000000000000000000000000000000
00000000000000000000000000000000000000000000000000000000000000000000000000000000
00000000000000000000000000000000000000000000000000000000000000000000000000000000
00000000000000000000000000000000000000000000000000000000000000000000000000000000
00000000000000000000000000000000000000000000000000000000000000000000000000000000
00000000000000000000000000000000000000000000000000000000000000000000000000000000
00000000000000000000000000000000000000000000000000000000000000000000000000000000
00000000000000000000000000000000000000000000000000000000000000000000000000000000
00000000000000000000000000000000000000000000000000000000000000000000000000000000
00000000000000000000000010000000000000000000000000000000000000000000000000000000
00000000000000000000000010000000000000000000000000000000000000000000000000000000
00000000000000000000000010000000000000001000000000000000000000000000000000000000
00000000000000000000000000000000000000001000000000000000000000000000000000000000
10000000000000000000000000000000000000001000000000000000000000001000000000000000
01000000000000000000000000000000000000000000000000000000000000001000000011000000
10000000000000000000000010000000000000000000000000000000000000000100000011000000
10000000000000000000000000000000100000000000000000000000000000000100000010000000
10000000000000000000000000000000010000000000000011000000000000000000000010000000
10000000000000000000000000000000110000000000000000100000000000000000000000000000
00000000000000000100000000000000110000000000000011000000000000000000000000000000
00000000000000000100000000000000010000001000000001000000000000000000000000000000
00000000000000001000000000000000100000001000000010000000000000000000000000000000
00000000000000000000000000000000100000001000000010000000000000000000000000000000
00000000000000000000000000000000000000000000000000000000000000000000000000000000
00000000000000000000000000000000100000000000000000000000000000000000000010000000
00000000000000000000000000000000100000000000000000000000000000000000000010000000
00000000000000000000000010000000100000001000000010000000010000000000000010000000
00000000000000000000000000000000100000001000000011000000010000000100000010000000
00000000000000000000000000000000100000000000000010000000100000000100000010000000
00000000000000001000000010000000100000000000000000000000100000001000000010000000
00000000000000000100000010000000100000000000000000000000100000001000000010000000
00000000000000001010000010000000100000000000000000000000010000001000000010000000
00000000000000000010000010000000000000000000000000000000100000001100000000000000
00000000000000000000000000000000000000000000000000000000010000001100000010000000
00000000000000000000000010000000000000000000000000000000010000000000000010000000
00000000000000000000000000000000000000000000000000000000010000000000000010000000
00000000000000000000000000000000100000000000000000000000010000000000000010000000
00000000010000000000000010000000100000000000000000000000010000000000000010000000
00000000100000000000000000000000100000000000000000000000100000000000000010000000
10000000000000000000000000000000100000000000000000000000010000000000000010000000
10000000000000000000000010000000010000000000000000000000100000000000000000000000
10000000000000000000000010000000100000000000000000000000000000000000000000000000
10000000000000000000000010000000100000000000000000000000000000000000000000000000
10000000000000000000000010000000100000001000000000000000000000000000000010000000
10000000000000000000000010000000000000001000000000000000000000000000000010000000
10000000000000001000000010000000100000001000000000000000000000000000000000000000
10000000000000001000000010000000000000001000000010000000000000000000000000000000
01000000000000001000000001000000000000001000000011000000000000000000000000000000
01000000000000000000000001000000000000000100000001000000000000000000000000000000
00000000000000000000000000000000000000001000000000000000000000001000000000000000
00000000000000000000000000000000000000000000000000000000000000001000000000000000
00000000000000000000000000000000000000000000000000000000000000000100000000000000
00000000000000000000000000000000000000000000000000000000000000001000000000000000
00000000000000000000000000000000000000000000000000000000000000000000000000000000
00000000000000000000000000000000000000000000000000000000000000000000000000000000
00000000000000000000000000000000000000000000000000000000000000000000000000000000
00000000000000000000000000000000000000000000000000000000000000000000000000000000
00000000000000000000000000000000000000000000000000000000000000000000000000000000
00000000000000000000000000000000000000000000000000000000000000000000000000000000
00000000000000000000000000000000000000000000000000000000000000000000000000000000
00000000000000000000000000000000000000000000000000000000000000000000000000000000
00000000000000000000000000000000000000000000000000000000000000000000000000000000
00000000000000000000000000000000000000000000000000000000000000000000000000000000
00000000000000000000000000000000000000000000000000000000000000000000000000000000
00000000000000000000000000000000000000000000000000000000000000000000000000000000
00000000000000000000000000000000000000000000000000000000000000000000000000000000
00000000000000000000000000000000000000000000000000000000000000000000000000000000
00000000000000000000000000000000000000000000000000000000100000000000000000000000
00000000000000000000000000000000000000000000000000000000100000000000000000000000
00000000000000000000000000000000000000000000000000000000000000000000000000000000
00000000000000000000000000000000000000000000000000000000000000001000000010000000
01000000000000000000000000000000000000000000000000000000000000001000000001000000
11000000000000000000000000000000000000000000000010000000000000001000000010000000
10000000000000000000000000000000100000000000000000000000000000001000000010000000
10000000000000000000000000000000100000000000000000000000000000001000000010000000
10000000000000000000000010000000100000000000000000000000000000001000000000000000
10000000000000000000000011000000100000000000000000000000000000000000000000000000
10000000000000000000000010000000100000000000000000000000000000000000000000000000
10000000000000000000000010000000100000000000000000000000000000000000000010000000
10000000000000000100000010000000100000000000000000000000000000000000000010000000
10000000000000000100000010000000100000000000000000000000000000000000000010000000
10000000000000001000000010000000100000000000000000000000000000000000000000000000
10000000000000000000000010000000100000000000000000000000000000000000000000000000
10000000100000000000000010000000010000001100000000000000000000000000000000000000
10000000100000000000000010000000100000000100000000000000000000000000000000000000
10000000100000000000000010000000100000001000000000000000000000000000000000000000
10000000100000000000000010000000100000001000000001000000000000000000000000000000
00000000100000000000000001000000100000001000000011000000000000000000000000000000
00000000100000000000000001000000000000001000000010000000000000000000000010000000
00000000100000000000000010000000000000000000000010000000000000001100000000000000
00000000100000001000000010000000000000001000000010000000000000000100000010000000
00000000100000001000000010000000000000001000000010000000000000001000000010000000
00000000100000000000000010000000100000001000000010000000000000001000000010000000
00000000100000001000000000000000100000001000000010000000000000001000000010000000
10000000100000001000000000000000100000001000000010000000000000001000000010000000
00000000100000000000000000000000100000000000000010000000000000001000000010000000
00000000100000000000000000000000100000000000000000000000000000001000000001000000
00000000100000000000000000000000100000000000000000000000000000001000000010000000
10000000100000000000000000000000100000000000000010000000000000000000000010000000
10000000000000000000000000000000000000000000000000000000000000000000000010000000
10000000000000000000000000000000000000000000000000000000000000000000000010000000
10000000000000000000000000000000100000000000000010000000000000000000000010000000
10000000000000000000000000000000000000000000000000000000000000000000000000000000
10000000000000000000000000000000000000000000000000000000000000000000000000000000
01000000000000000000000000000000000000000000000000000000000000000000000000000000
01000000000000000000000000000000000000000000000000000000000000000000000000000000
10000000000000000000000000000000000000000000000010000000000000001000000000000000
00000000000000000000000001000000000000000000000010000000000000001000000000000000
00000000000000000000000010000000000000000000000001000000000000001000000000000000
00000000000000000000000010000000000000000000000000000000000000000100000000000000
00000000000000000000000010000000000000000000000000000000000000000100000000000000
00000000000000000000000000000000000000000000000000000000000000000000000000000000
00000000000000000000000000000000000000001000000000000000000000000000000000000000
00000000000000000000000000000000000000000000000000000000000000000000000000000000
00000000000000000000000000000000000000000000000000000000000000000000000000000000
00000000000000000000000000000000000000000000000000000000000000000000000000000000
00000000000000000000000000000000000000000000000000000000000000000000000000000000
00000000000000000000000000000000000000000000000000000000000000000000000000000000
00000000000000000000000000000000000000000000000000000000000000000000000000000000
00000000000000000000000000000000000000000000000000000000000000000000000000000000
00000000000000000000000000000000000000000000000000000000000000000000000000000000
00000000000000000000000000000000000000000000000000000000000000000000000000000000
00000000000000000000000000000000000000000000000000000000000000000000000000000000
00000000000000000000000000000000000000000000000000000000000000000000000000000000
00000000000000000000000000000000000000000000000000000000000000000000000000000000
