11111111
00000001
10101010
00000010
11001100
11010100
00100100
00000100
00111000
01011000
11101000
10101000
00101000
01001000
10001000
00001000
11110000
01110000
10110000
10110000
00110000
00110000
11010000
11010000
01010000
01010000
10010000
10010000
10010000
10010000
00010000
00010000
00010000
00010000
11100000
11100000
11100000
11100000
11100000
01100000
01100000
01100000
01100000
01100000
01100000
01100000
10100000
10100000
10100000
10100000
10100000
10100000
10100000
10100000
10100000
10100000
00100000
00100000
00100000
00100000
00100000
00100000
00100000
00100000
00100000
00100000
00100000
00100000
00100000
00100000
00100000
00100000
11000000
11000000
11000000
11000000
11000000
11000000
11000000
11000000
11000000
11000000
11000000
11000000
11000000
11000000
11000000
11000000
11000000
11000000
11000000
11000000
11000000
11000000
11000000
11000000
11000000
11000000
11000000
11000000
11000000
11000000
01000000
01000000
01000000
01000000
01000000
01000000
01000000
01000000
01000000
01000000
01000000
01000000
01000000
01000000
01000000
01000000
01000000
01000000
01000000
01000000
01000000
01000000
01000000
01000000
01000000
01000000
01000000
01000000
01000000
01000000
01000000
01000000
01000000
01000000
01000000
01000000
01000000
01000000
01000000
01000000
01000000
01000000
01000000
01000000
01000000
01000000
01000000
01000000
01000000
01000000
01000000
01000000
01000000
01000000
01000000
01000000
01000000
01000000
01000000
01000000
01000000
01000000
01000000
01000000
01000000
01000000
01000000
01000000
10000000
10000000
10000000
10000000
10000000
10000000
10000000
10000000
10000000
10000000
10000000
10000000
10000000
10000000
10000000
10000000
10000000
10000000
10000000
10000000
10000000
10000000
10000000
10000000
10000000
10000000
10000000
10000000
10000000
10000000
10000000
10000000
10000000
10000000
10000000
10000000
10000000
10000000
10000000
10000000
10000000
10000000
10000000
10000000
10000000
10000000
10000000
10000000
10000000
10000000
10000000
10000000
10000000
10000000
10000000
10000000
10000000
10000000
10000000
10000000
10000000
10000000
10000000
10000000
10000000
10000000
10000000
10000000
10000000
10000000
10000000
10000000
10000000
10000000
10000000
10000000
10000000
10000000
10000000
10000000
10000000
10000000
10000000
10000000
10000000
10000000
